4.349566517400284056e+02 1.000000000000000000e+00
4.925739213280302238e+02 1.000000000000000000e+00
1.345244728340901929e+03 1.000000000000000000e+00
6.367778510416873132e+02 1.000000000000000000e+00
1.309251924731899180e+03 1.000000000000000000e+00
3.669795596178391293e+02 1.000000000000000000e+00
1.180843024127111448e+03 1.000000000000000000e+00
4.439243334627322497e+02 1.000000000000000000e+00
5.895664030976495269e+02 1.000000000000000000e+00
8.566408825916674914e+02 1.000000000000000000e+00
4.577069046977749736e+02 1.000000000000000000e+00
5.446736041932330181e+02 1.000000000000000000e+00
1.085339431076934488e+03 1.000000000000000000e+00
2.727120382734160557e+02 1.000000000000000000e+00
1.453673841493750615e+03 1.000000000000000000e+00
4.136460760696593297e+02 1.000000000000000000e+00
5.977679085196762117e+02 1.000000000000000000e+00
1.007861025984302728e+03 1.000000000000000000e+00
4.627801519466988225e+02 1.000000000000000000e+00
6.775264626886349788e+02 1.000000000000000000e+00
1.079591984616848777e+03 1.000000000000000000e+00
2.449850887875866761e+02 1.000000000000000000e+00
1.431104528233122437e+03 1.000000000000000000e+00
6.993191544406612365e+02 1.000000000000000000e+00
5.374602196380529904e+02 1.000000000000000000e+00
6.823424500276486242e+02 1.000000000000000000e+00
5.310233306799133288e+02 1.000000000000000000e+00
8.843245287047204783e+02 1.000000000000000000e+00
1.142068538477972197e+03 1.000000000000000000e+00
3.157446158762177220e+02 1.000000000000000000e+00
1.056029809199442525e+03 1.000000000000000000e+00
2.383942714953251993e+02 1.000000000000000000e+00
