4.417919579298311419e+02 1.000000000000000000e+00
4.939683874498372802e+02 1.000000000000000000e+00
1.338908779996014346e+03 1.000000000000000000e+00
6.192625173643839389e+02 1.000000000000000000e+00
1.306038289584067343e+03 1.000000000000000000e+00
3.683717957853230018e+02 1.000000000000000000e+00
1.172083654088486810e+03 1.000000000000000000e+00
4.345252648381717790e+02 1.000000000000000000e+00
5.969488826578935914e+02 1.000000000000000000e+00
8.481430813694396420e+02 1.000000000000000000e+00
4.658793752984892649e+02 1.000000000000000000e+00
5.322002518658939607e+02 1.000000000000000000e+00
1.080703313319351537e+03 1.000000000000000000e+00
2.828717552989726869e+02 1.000000000000000000e+00
1.451240709636356769e+03 1.000000000000000000e+00
4.183814390372152729e+02 1.000000000000000000e+00
6.112039452256838103e+02 1.000000000000000000e+00
9.987919108217680559e+02 1.000000000000000000e+00
4.693248897400312103e+02 1.000000000000000000e+00
6.640437023224131963e+02 1.000000000000000000e+00
1.064323589457983644e+03 1.000000000000000000e+00
2.481217430906366701e+02 1.000000000000000000e+00
1.424955142732527520e+03 1.000000000000000000e+00
6.924685489877882674e+02 1.000000000000000000e+00
5.450582551887556519e+02 1.000000000000000000e+00
6.802399132256207395e+02 1.000000000000000000e+00
5.352418387736618115e+02 1.000000000000000000e+00
8.675327532510348192e+02 1.000000000000000000e+00
1.136156684147530996e+03 1.000000000000000000e+00
3.278769824117137546e+02 1.000000000000000000e+00
1.044519419305221845e+03 1.000000000000000000e+00
2.320618302729907896e+02 1.000000000000000000e+00
