3.970946148187812241e+02 1.000000000000000000e+00
4.604089392858039105e+02 1.000000000000000000e+00
1.322020347583231114e+03 1.000000000000000000e+00
6.105173110980113051e+02 1.000000000000000000e+00
1.273786022887333729e+03 1.000000000000000000e+00
3.341635485616283745e+02 1.000000000000000000e+00
1.159185291917337054e+03 1.000000000000000000e+00
4.173588523250245998e+02 1.000000000000000000e+00
5.429808892981749295e+02 1.000000000000000000e+00
8.286901614439782406e+02 1.000000000000000000e+00
4.177529390482052918e+02 1.000000000000000000e+00
5.167039192454024032e+02 1.000000000000000000e+00
1.051001101203710505e+03 1.000000000000000000e+00
2.495550217628251914e+02 1.000000000000000000e+00
1.424227271718810016e+03 1.000000000000000000e+00
3.778152585431282091e+02 1.000000000000000000e+00
5.384780345743558883e+02 1.000000000000000000e+00
9.860786064995447759e+02 1.000000000000000000e+00
4.329296396553282307e+02 1.000000000000000000e+00
6.571804479078782606e+02 1.000000000000000000e+00
1.051873204293676054e+03 1.000000000000000000e+00
2.230460720090726454e+02 1.000000000000000000e+00
1.404160902167774566e+03 1.000000000000000000e+00
6.716454958930546582e+02 1.000000000000000000e+00
4.929072830622458241e+02 1.000000000000000000e+00
6.503813923341483587e+02 1.000000000000000000e+00
4.810267801104998284e+02 1.000000000000000000e+00
8.624369569134316862e+02 1.000000000000000000e+00
1.096254269017432534e+03 1.000000000000000000e+00
2.876566342559426630e+02 1.000000000000000000e+00
1.033900266182220093e+03 1.000000000000000000e+00
2.066128348247153781e+02 1.000000000000000000e+00
