4.374738964474539102e+02 1.000000000000000000e+00
4.451130517129065538e+02 1.000000000000000000e+00
1.234297238128823892e+03 1.000000000000000000e+00
5.400200288490721050e+02 1.000000000000000000e+00
1.168198445943950219e+03 1.000000000000000000e+00
3.635053811253451954e+02 1.000000000000000000e+00
1.062651331218770792e+03 1.000000000000000000e+00
2.782688578335472585e+02 1.000000000000000000e+00
5.573482754591738058e+02 1.000000000000000000e+00
7.939836389333189572e+02 1.000000000000000000e+00
4.557184732298121617e+02 1.000000000000000000e+00
4.744054676349257988e+02 1.000000000000000000e+00
9.352647342173813740e+02 1.000000000000000000e+00
2.845723153870362694e+02 1.000000000000000000e+00
1.374601532451894855e+03 1.000000000000000000e+00
4.096641657350304513e+02 1.000000000000000000e+00
6.070512981536772941e+02 1.000000000000000000e+00
9.047767514031417022e+02 1.000000000000000000e+00
4.711479767967916246e+02 1.000000000000000000e+00
5.563320775445196205e+02 1.000000000000000000e+00
9.801431328035913566e+02 1.000000000000000000e+00
2.455366141139951992e+02 1.000000000000000000e+00
1.324897194307162636e+03 1.000000000000000000e+00
5.701521610108588902e+02 1.000000000000000000e+00
5.151247885391221644e+02 1.000000000000000000e+00
6.366860562332703921e+02 1.000000000000000000e+00
5.384833789742408499e+02 1.000000000000000000e+00
7.658173945388539323e+02 1.000000000000000000e+00
7.814911203166776659e+02 1.000000000000000000e+00
3.292675372535822476e+02 1.000000000000000000e+00
9.370102994930971363e+02 1.000000000000000000e+00
2.171114795047046755e+02 1.000000000000000000e+00
